"sladkach","slanach","kyslach","horkach","palivach","spalenach","cudziach","typickav","zeleninovav","cudziav","plesnivav","stavnatost","hrudkovitost"
"1",7.73,6.78,6.76,7.8,2.85,2.08,3.17,5.39,2.05,2.21,1.18,1.91,0.78
"2",7.3,5.75,6.32,7.54,2.88,1.22,1.79,10.14,2.04,2.39,1.05,1.15,0.45
"3",7.15,5.88,6.82,6.85,2.96,1.58,3.03,8.98,1.85,2.05,0.9,2.74,1.1
"4",6.09,7.58,6.99,7.82,3.4,0.88,3.31,9.27,1.89,1.59,1.25,1.91,1.25
"5",4.2,6.8,7.16,7.21,2.76,2.14,2.37,7.44,2.06,2.72,0.89,2.14,1.12
"6",8.11,8.92,6.81,7.54,3.31,2.02,2.84,3.68,1.91,2.7,1.01,1.87,1.17
"7",8.37,7.55,6.41,6.5,2.96,2.35,2.36,5.19,1.94,2.77,0.88,1.17,0.99
"8",5.63,6.19,6.63,7.33,3.35,1.73,2.19,4.47,1.99,1.75,0.79,2.44,1.01
"9",6.62,6.16,6.66,8.5,3.01,2.11,3.52,6.98,2.03,1.42,1.29,2.85,0.91
"10",5,4.54,6.74,6.49,2.99,2.26,2.4,5.79,1.95,1,1,1.68,0.99
"11",5.55,6.93,6.02,6.8,3.3,1.9,3.28,7.9,2.05,1.86,0.71,2.23,0.74
"12",8.93,8.08,7.34,5.59,3.19,1.47,2.81,5.78,1.9,1.91,1.13,2.07,1.3
"13",8.09,8.24,9.16,6.88,2.72,1.99,3.22,5.28,1.85,1.97,1.22,2.39,0.73
"14",7.68,6.24,7.19,6.55,3.29,2.48,2.57,9.2,2.03,1.71,0.95,1.98,0.94
"15",6.29,5.73,7.65,5.36,2.94,2.69,2.8,5.94,1.94,1.83,0.96,1.89,0.83
"16",6.89,7.71,6.96,8.17,3.08,2.01,2.92,6.57,2.16,1.64,0.95,1.31,0.69
